  16   16
1 1
    62.942624204669997     0.004487429710000     0.000017896390000
     0.004487429710000    62.947805750069996    -0.000010329460000
     0.000017896390000    -0.000010329460000    14.063755329079999
1 2
   -10.891234408259999    -0.000564997440000    -0.000026424200000
    -0.000564997440000     3.003483151440000     0.020828755540000
    -0.000026424200000     0.020828755540000     0.847050191570000
1 3
    -0.469706970400000     6.016306657029999    -0.018051452010000
     6.016306657029999    -7.418044286420000    -0.010391436760000
    -0.018051452010000    -0.010391436760000     0.847050191570000
1 4
    -0.469977097790000    -6.015704785820000     0.018057577620000
    -6.015704785820000    -7.416314702419999    -0.010425548000000
     0.018057577620000    -0.010425548000000     0.846853571500000
1 5
   -21.764279117899999     8.100615964099999     0.009667053350000
     8.100615964099999   -12.410493426930000    -0.005581271480000
    -0.009667053350000     0.005581271480000    -5.026335054150000
1 6
   -21.770261316559999    -8.105283318590001    -0.009672097970000
    -8.105283318590001   -12.411830011010000    -0.005589799290000
     0.009672097970000     0.005589799290000    -5.025321445860000
1 7
    -7.732056627449999    -0.000322014910000     0.000004804400000
    -0.000322014910000   -26.450034700119996     0.011171190880000
    -0.000004804400000    -0.011171190880000    -5.025321445860000
1 8
     0.148507847520000     0.000895900490000     0.000004924510000
     0.000895900490000     0.149542354950000    -0.000002762530000
    -0.000004924510000     0.000002762530000    -1.319477893690000
1 9
     2.005854776280000     0.000196019520000     0.000056331590000
     0.000196019520000     2.006081063520000    -0.000032549810000
    -0.000056331590000     0.000032549810000     0.054576422570000
1 10
     2.040227495750000    -0.000139687930000    -0.000013812650000
    -0.000139687930000     2.041763822760000    -0.023664432530000
     0.000013812650000     0.023664432530000    -0.013181952390000
1 11
     2.041500781860000     0.000595385270000     0.020487162700000
     0.000595385270000     2.040490536650000     0.011844167210000
    -0.020487162700000    -0.011844167210000    -0.013181952390000
1 12
     2.041878407700000    -0.000200703810000    -0.020513586900000
    -0.000200703810000     2.041646715510000     0.011843566660000
     0.020513586900000    -0.011843566660000    -0.013194323720000
1 13
    -2.023502658690000    -0.016172331060000    -0.048583293900000
    -0.016172331060000    -2.042176881050000     0.028049528520000
    -0.048583293900000     0.028049528520000    -0.067864672310000
1 14
    -2.022698762460000     0.015751225400000     0.048570081800000
     0.015751225400000    -2.043045036130000     0.028037397410000
     0.048570081800000     0.028037397410000    -0.067857585820000
1 15
    -2.051599510550000    -0.000934575910000     0.000003963630000
    -0.000934575910000    -2.014144408150000    -0.056081641090000
     0.000003963630000    -0.056081641090000    -0.067857585820000
1 16
    -2.025277163830000     0.000473954060000    -0.000008407700000
     0.000473954060000    -2.024729822560000     0.000004924510000
    -0.000008407700000     0.000004924510000    -0.019691794280000
2 1
   -10.891234408259999    -0.000564997440000    -0.000026424200000
    -0.000564997440000     3.003483151440000     0.020828755540000
    -0.000026424200000     0.020828755540000     0.847050191570000
2 2
    62.942624204669997     0.004487429710000     0.000017896390000
     0.004487429710000    62.947805750069996    -0.000010329460000
     0.000017896390000    -0.000010329460000    14.063755329079999
2 3
    -0.469977097790000    -6.015704785820000     0.018057577620000
    -6.015704785820000    -7.416314702419999    -0.010425548000000
     0.018057577620000    -0.010425548000000     0.846853571500000
2 4
    -0.469706970400000     6.016306657029999    -0.018051452010000
     6.016306657029999    -7.418044286420000    -0.010391436760000
    -0.018051452010000    -0.010391436760000     0.847050191570000
2 5
   -21.770261316559999    -8.105283318590001    -0.009672097970000
    -8.105283318590001   -12.411830011010000    -0.005589799290000
     0.009672097970000     0.005589799290000    -5.025321445860000
2 6
   -21.764279117899999     8.100615964099999     0.009667053350000
     8.100615964099999   -12.410493426930000    -0.005581271480000
    -0.009667053350000     0.005581271480000    -5.026335054150000
2 7
     0.148507847520000     0.000895900490000     0.000004924510000
     0.000895900490000     0.149542354950000    -0.000002762530000
    -0.000004924510000     0.000002762530000    -1.319477893690000
2 8
    -7.732056627449999    -0.000322014910000     0.000004804400000
    -0.000322014910000   -26.450034700119996     0.011171190880000
    -0.000004804400000    -0.011171190880000    -5.025321445860000
2 9
     2.040227495750000    -0.000139687930000    -0.000013812650000
    -0.000139687930000     2.041763822760000    -0.023664432530000
     0.000013812650000     0.023664432530000    -0.013181952390000
2 10
     2.005854776280000     0.000196019520000     0.000056331590000
     0.000196019520000     2.006081063520000    -0.000032549810000
    -0.000056331590000     0.000032549810000     0.054576422570000
2 11
     2.041878407700000    -0.000200703810000    -0.020513586900000
    -0.000200703810000     2.041646715510000     0.011843566660000
     0.020513586900000    -0.011843566660000    -0.013194323720000
2 12
     2.041500781860000     0.000595385270000     0.020487162700000
     0.000595385270000     2.040490536650000     0.011844167210000
    -0.020487162700000    -0.011844167210000    -0.013181952390000
2 13
    -2.022698762460000     0.015751225400000     0.048570081800000
     0.015751225400000    -2.043045036130000     0.028037397410000
     0.048570081800000     0.028037397410000    -0.067857585820000
2 14
    -2.023502658690000    -0.016172331060000    -0.048583293900000
    -0.016172331060000    -2.042176881050000     0.028049528520000
    -0.048583293900000     0.028049528520000    -0.067864672310000
2 15
    -2.025277163830000     0.000473954060000    -0.000008407700000
     0.000473954060000    -2.024729822560000     0.000004924510000
    -0.000008407700000     0.000004924510000    -0.019691794280000
2 16
    -2.051599510550000    -0.000934575910000     0.000003963630000
    -0.000934575910000    -2.014144408150000    -0.056081641090000
     0.000003963630000    -0.056081641090000    -0.067857585820000
3 1
    -0.469706970400000     6.016306657029999    -0.018051452010000
     6.016306657029999    -7.418044286420000    -0.010391436760000
    -0.018051452010000    -0.010391436760000     0.847050191570000
3 2
    -0.469977097790000    -6.015704785820000     0.018057577620000
    -6.015704785820000    -7.416314702419999    -0.010425548000000
     0.018057577620000    -0.010425548000000     0.846853571500000
3 3
    62.942624204669997     0.004487429710000     0.000017896390000
     0.004487429710000    62.947805750069996    -0.000010329460000
     0.000017896390000    -0.000010329460000    14.063755329079999
3 4
   -10.891234408259999    -0.000564997440000    -0.000026424200000
    -0.000564997440000     3.003483151440000     0.020828755540000
    -0.000026424200000     0.020828755540000     0.847050191570000
3 5
    -7.732056627449999    -0.000322014910000     0.000004804400000
    -0.000322014910000   -26.450034700119996     0.011171190880000
    -0.000004804400000    -0.011171190880000    -5.025321445860000
3 6
     0.148507847520000     0.000895900490000     0.000004924510000
     0.000895900490000     0.149542354950000    -0.000002762530000
    -0.000004924510000     0.000002762530000    -1.319477893690000
3 7
   -21.764279117899999     8.100615964099999     0.009667053350000
     8.100615964099999   -12.410493426930000    -0.005581271480000
    -0.009667053350000     0.005581271480000    -5.026335054150000
3 8
   -21.770261316559999    -8.105283318590001    -0.009672097970000
    -8.105283318590001   -12.411830011010000    -0.005589799290000
     0.009672097970000     0.005589799290000    -5.025321445860000
3 9
     2.041500781860000     0.000595385270000     0.020487162700000
     0.000595385270000     2.040490536650000     0.011844167210000
    -0.020487162700000    -0.011844167210000    -0.013181952390000
3 10
     2.041878407700000    -0.000200703810000    -0.020513586900000
    -0.000200703810000     2.041646715510000     0.011843566660000
     0.020513586900000    -0.011843566660000    -0.013194323720000
3 11
     2.005854776280000     0.000196019520000     0.000056331590000
     0.000196019520000     2.006081063520000    -0.000032549810000
    -0.000056331590000     0.000032549810000     0.054576422570000
3 12
     2.040227495750000    -0.000139687930000    -0.000013812650000
    -0.000139687930000     2.041763822760000    -0.023664432530000
     0.000013812650000     0.023664432530000    -0.013181952390000
3 13
    -2.051599510550000    -0.000934575910000     0.000003963630000
    -0.000934575910000    -2.014144408150000    -0.056081641090000
     0.000003963630000    -0.056081641090000    -0.067857585820000
3 14
    -2.025277163830000     0.000473954060000    -0.000008407700000
     0.000473954060000    -2.024729822560000     0.000004924510000
    -0.000008407700000     0.000004924510000    -0.019691794280000
3 15
    -2.023502658690000    -0.016172331060000    -0.048583293900000
    -0.016172331060000    -2.042176881050000     0.028049528520000
    -0.048583293900000     0.028049528520000    -0.067864672310000
3 16
    -2.022698762460000     0.015751225400000     0.048570081800000
     0.015751225400000    -2.043045036130000     0.028037397410000
     0.048570081800000     0.028037397410000    -0.067857585820000
4 1
    -0.469977097790000    -6.015704785820000     0.018057577620000
    -6.015704785820000    -7.416314702419999    -0.010425548000000
     0.018057577620000    -0.010425548000000     0.846853571500000
4 2
    -0.469706970400000     6.016306657029999    -0.018051452010000
     6.016306657029999    -7.418044286420000    -0.010391436760000
    -0.018051452010000    -0.010391436760000     0.847050191570000
4 3
   -10.891234408259999    -0.000564997440000    -0.000026424200000
    -0.000564997440000     3.003483151440000     0.020828755540000
    -0.000026424200000     0.020828755540000     0.847050191570000
4 4
    62.942624204669997     0.004487429710000     0.000017896390000
     0.004487429710000    62.947805750069996    -0.000010329460000
     0.000017896390000    -0.000010329460000    14.063755329079999
4 5
     0.148507847520000     0.000895900490000     0.000004924510000
     0.000895900490000     0.149542354950000    -0.000002762530000
    -0.000004924510000     0.000002762530000    -1.319477893690000
4 6
    -7.732056627449999    -0.000322014910000     0.000004804400000
    -0.000322014910000   -26.450034700119996     0.011171190880000
    -0.000004804400000    -0.011171190880000    -5.025321445860000
4 7
   -21.770261316559999    -8.105283318590001    -0.009672097970000
    -8.105283318590001   -12.411830011010000    -0.005589799290000
     0.009672097970000     0.005589799290000    -5.025321445860000
4 8
   -21.764279117899999     8.100615964099999     0.009667053350000
     8.100615964099999   -12.410493426930000    -0.005581271480000
    -0.009667053350000     0.005581271480000    -5.026335054150000
4 9
     2.041878407700000    -0.000200703810000    -0.020513586900000
    -0.000200703810000     2.041646715510000     0.011843566660000
     0.020513586900000    -0.011843566660000    -0.013194323720000
4 10
     2.041500781860000     0.000595385270000     0.020487162700000
     0.000595385270000     2.040490536650000     0.011844167210000
    -0.020487162700000    -0.011844167210000    -0.013181952390000
4 11
     2.040227495750000    -0.000139687930000    -0.000013812650000
    -0.000139687930000     2.041763822760000    -0.023664432530000
     0.000013812650000     0.023664432530000    -0.013181952390000
4 12
     2.005854776280000     0.000196019520000     0.000056331590000
     0.000196019520000     2.006081063520000    -0.000032549810000
    -0.000056331590000     0.000032549810000     0.054576422570000
4 13
    -2.025277163830000     0.000473954060000    -0.000008407700000
     0.000473954060000    -2.024729822560000     0.000004924510000
    -0.000008407700000     0.000004924510000    -0.019691794280000
4 14
    -2.051599510550000    -0.000934575910000     0.000003963630000
    -0.000934575910000    -2.014144408150000    -0.056081641090000
     0.000003963630000    -0.056081641090000    -0.067857585820000
4 15
    -2.022698762460000     0.015751225400000     0.048570081800000
     0.015751225400000    -2.043045036130000     0.028037397410000
     0.048570081800000     0.028037397410000    -0.067857585820000
4 16
    -2.023502658690000    -0.016172331060000    -0.048583293900000
    -0.016172331060000    -2.042176881050000     0.028049528520000
    -0.048583293900000     0.028049528520000    -0.067864672310000
5 1
   -21.764279117899999     8.100615964099999    -0.009667053350000
     8.100615964099999   -12.410493426930000     0.005581271480000
     0.009667053350000    -0.005581271480000    -5.026335054150000
5 2
   -21.770261316559999    -8.105283318590001     0.009672097970000
    -8.105283318590001   -12.411830011010000     0.005589799290000
    -0.009672097970000    -0.005589799290000    -5.025321445860000
5 3
    -7.732056627449999    -0.000322014910000    -0.000004804400000
    -0.000322014910000   -26.450034700119996    -0.011171190880000
     0.000004804400000     0.011171190880000    -5.025321445860000
5 4
     0.148507847520000     0.000895900490000    -0.000004924510000
     0.000895900490000     0.149542354950000     0.000002762530000
     0.000004924510000    -0.000002762530000    -1.319477893690000
5 5
    62.942624204669997     0.004487429710000    -0.000017896390000
     0.004487429710000    62.947805750069996     0.000010329460000
    -0.000017896390000     0.000010329460000    14.063755329079999
5 6
   -10.891234408259999    -0.000564997440000     0.000026424200000
    -0.000564997440000     3.003483151440000    -0.020828755540000
     0.000026424200000    -0.020828755540000     0.847050191570000
5 7
    -0.469706970400000     6.016306657029999     0.018051452010000
     6.016306657029999    -7.418044286420000     0.010391436760000
     0.018051452010000     0.010391436760000     0.847050191570000
5 8
    -0.469977097790000    -6.015704785820000    -0.018057577620000
    -6.015704785820000    -7.416314702419999     0.010425548000000
    -0.018057577620000     0.010425548000000     0.846853571500000
5 9
    -2.023502658690000    -0.016172331060000     0.048583293900000
    -0.016172331060000    -2.042176881050000    -0.028049528520000
     0.048583293900000    -0.028049528520000    -0.067864672310000
5 10
    -2.022698762460000     0.015751225400000    -0.048570081800000
     0.015751225400000    -2.043045036130000    -0.028037397410000
    -0.048570081800000    -0.028037397410000    -0.067857585820000
5 11
    -2.051599510550000    -0.000934575910000    -0.000003963630000
    -0.000934575910000    -2.014144408150000     0.056081641090000
    -0.000003963630000     0.056081641090000    -0.067857585820000
5 12
    -2.025277163830000     0.000473954060000     0.000008407700000
     0.000473954060000    -2.024729822560000    -0.000004924510000
     0.000008407700000    -0.000004924510000    -0.019691794280000
5 13
     2.005854776280000     0.000196019520000    -0.000056331590000
     0.000196019520000     2.006081063520000     0.000032549810000
     0.000056331590000    -0.000032549810000     0.054576422570000
5 14
     2.040227495750000    -0.000139687930000     0.000013812650000
    -0.000139687930000     2.041763822760000     0.023664432530000
    -0.000013812650000    -0.023664432530000    -0.013181952390000
5 15
     2.041500781860000     0.000595385270000    -0.020487162700000
     0.000595385270000     2.040490536650000    -0.011844167210000
     0.020487162700000     0.011844167210000    -0.013181952390000
5 16
     2.041878407700000    -0.000200703810000     0.020513586900000
    -0.000200703810000     2.041646715510000    -0.011843566660000
    -0.020513586900000     0.011843566660000    -0.013194323720000
6 1
   -21.770261316559999    -8.105283318590001     0.009672097970000
    -8.105283318590001   -12.411830011010000     0.005589799290000
    -0.009672097970000    -0.005589799290000    -5.025321445860000
6 2
   -21.764279117899999     8.100615964099999    -0.009667053350000
     8.100615964099999   -12.410493426930000     0.005581271480000
     0.009667053350000    -0.005581271480000    -5.026335054150000
6 3
     0.148507847520000     0.000895900490000    -0.000004924510000
     0.000895900490000     0.149542354950000     0.000002762530000
     0.000004924510000    -0.000002762530000    -1.319477893690000
6 4
    -7.732056627449999    -0.000322014910000    -0.000004804400000
    -0.000322014910000   -26.450034700119996    -0.011171190880000
     0.000004804400000     0.011171190880000    -5.025321445860000
6 5
   -10.891234408259999    -0.000564997440000     0.000026424200000
    -0.000564997440000     3.003483151440000    -0.020828755540000
     0.000026424200000    -0.020828755540000     0.847050191570000
6 6
    62.942624204669997     0.004487429710000    -0.000017896390000
     0.004487429710000    62.947805750069996     0.000010329460000
    -0.000017896390000     0.000010329460000    14.063755329079999
6 7
    -0.469977097790000    -6.015704785820000    -0.018057577620000
    -6.015704785820000    -7.416314702419999     0.010425548000000
    -0.018057577620000     0.010425548000000     0.846853571500000
6 8
    -0.469706970400000     6.016306657029999     0.018051452010000
     6.016306657029999    -7.418044286420000     0.010391436760000
     0.018051452010000     0.010391436760000     0.847050191570000
6 9
    -2.022698762460000     0.015751225400000    -0.048570081800000
     0.015751225400000    -2.043045036130000    -0.028037397410000
    -0.048570081800000    -0.028037397410000    -0.067857585820000
6 10
    -2.023502658690000    -0.016172331060000     0.048583293900000
    -0.016172331060000    -2.042176881050000    -0.028049528520000
     0.048583293900000    -0.028049528520000    -0.067864672310000
6 11
    -2.025277163830000     0.000473954060000     0.000008407700000
     0.000473954060000    -2.024729822560000    -0.000004924510000
     0.000008407700000    -0.000004924510000    -0.019691794280000
6 12
    -2.051599510550000    -0.000934575910000    -0.000003963630000
    -0.000934575910000    -2.014144408150000     0.056081641090000
    -0.000003963630000     0.056081641090000    -0.067857585820000
6 13
     2.040227495750000    -0.000139687930000     0.000013812650000
    -0.000139687930000     2.041763822760000     0.023664432530000
    -0.000013812650000    -0.023664432530000    -0.013181952390000
6 14
     2.005854776280000     0.000196019520000    -0.000056331590000
     0.000196019520000     2.006081063520000     0.000032549810000
     0.000056331590000    -0.000032549810000     0.054576422570000
6 15
     2.041878407700000    -0.000200703810000     0.020513586900000
    -0.000200703810000     2.041646715510000    -0.011843566660000
    -0.020513586900000     0.011843566660000    -0.013194323720000
6 16
     2.041500781860000     0.000595385270000    -0.020487162700000
     0.000595385270000     2.040490536650000    -0.011844167210000
     0.020487162700000     0.011844167210000    -0.013181952390000
7 1
    -7.732056627449999    -0.000322014910000    -0.000004804400000
    -0.000322014910000   -26.450034700119996    -0.011171190880000
     0.000004804400000     0.011171190880000    -5.025321445860000
7 2
     0.148507847520000     0.000895900490000    -0.000004924510000
     0.000895900490000     0.149542354950000     0.000002762530000
     0.000004924510000    -0.000002762530000    -1.319477893690000
7 3
   -21.764279117899999     8.100615964099999    -0.009667053350000
     8.100615964099999   -12.410493426930000     0.005581271480000
     0.009667053350000    -0.005581271480000    -5.026335054150000
7 4
   -21.770261316559999    -8.105283318590001     0.009672097970000
    -8.105283318590001   -12.411830011010000     0.005589799290000
    -0.009672097970000    -0.005589799290000    -5.025321445860000
7 5
    -0.469706970400000     6.016306657029999     0.018051452010000
     6.016306657029999    -7.418044286420000     0.010391436760000
     0.018051452010000     0.010391436760000     0.847050191570000
7 6
    -0.469977097790000    -6.015704785820000    -0.018057577620000
    -6.015704785820000    -7.416314702419999     0.010425548000000
    -0.018057577620000     0.010425548000000     0.846853571500000
7 7
    62.942624204669997     0.004487429710000    -0.000017896390000
     0.004487429710000    62.947805750069996     0.000010329460000
    -0.000017896390000     0.000010329460000    14.063755329079999
7 8
   -10.891234408259999    -0.000564997440000     0.000026424200000
    -0.000564997440000     3.003483151440000    -0.020828755540000
     0.000026424200000    -0.020828755540000     0.847050191570000
7 9
    -2.051599510550000    -0.000934575910000    -0.000003963630000
    -0.000934575910000    -2.014144408150000     0.056081641090000
    -0.000003963630000     0.056081641090000    -0.067857585820000
7 10
    -2.025277163830000     0.000473954060000     0.000008407700000
     0.000473954060000    -2.024729822560000    -0.000004924510000
     0.000008407700000    -0.000004924510000    -0.019691794280000
7 11
    -2.023502658690000    -0.016172331060000     0.048583293900000
    -0.016172331060000    -2.042176881050000    -0.028049528520000
     0.048583293900000    -0.028049528520000    -0.067864672310000
7 12
    -2.022698762460000     0.015751225400000    -0.048570081800000
     0.015751225400000    -2.043045036130000    -0.028037397410000
    -0.048570081800000    -0.028037397410000    -0.067857585820000
7 13
     2.041500781860000     0.000595385270000    -0.020487162700000
     0.000595385270000     2.040490536650000    -0.011844167210000
     0.020487162700000     0.011844167210000    -0.013181952390000
7 14
     2.041878407700000    -0.000200703810000     0.020513586900000
    -0.000200703810000     2.041646715510000    -0.011843566660000
    -0.020513586900000     0.011843566660000    -0.013194323720000
7 15
     2.005854776280000     0.000196019520000    -0.000056331590000
     0.000196019520000     2.006081063520000     0.000032549810000
     0.000056331590000    -0.000032549810000     0.054576422570000
7 16
     2.040227495750000    -0.000139687930000     0.000013812650000
    -0.000139687930000     2.041763822760000     0.023664432530000
    -0.000013812650000    -0.023664432530000    -0.013181952390000
8 1
     0.148507847520000     0.000895900490000    -0.000004924510000
     0.000895900490000     0.149542354950000     0.000002762530000
     0.000004924510000    -0.000002762530000    -1.319477893690000
8 2
    -7.732056627449999    -0.000322014910000    -0.000004804400000
    -0.000322014910000   -26.450034700119996    -0.011171190880000
     0.000004804400000     0.011171190880000    -5.025321445860000
8 3
   -21.770261316559999    -8.105283318590001     0.009672097970000
    -8.105283318590001   -12.411830011010000     0.005589799290000
    -0.009672097970000    -0.005589799290000    -5.025321445860000
8 4
   -21.764279117899999     8.100615964099999    -0.009667053350000
     8.100615964099999   -12.410493426930000     0.005581271480000
     0.009667053350000    -0.005581271480000    -5.026335054150000
8 5
    -0.469977097790000    -6.015704785820000    -0.018057577620000
    -6.015704785820000    -7.416314702419999     0.010425548000000
    -0.018057577620000     0.010425548000000     0.846853571500000
8 6
    -0.469706970400000     6.016306657029999     0.018051452010000
     6.016306657029999    -7.418044286420000     0.010391436760000
     0.018051452010000     0.010391436760000     0.847050191570000
8 7
   -10.891234408259999    -0.000564997440000     0.000026424200000
    -0.000564997440000     3.003483151440000    -0.020828755540000
     0.000026424200000    -0.020828755540000     0.847050191570000
8 8
    62.942624204669997     0.004487429710000    -0.000017896390000
     0.004487429710000    62.947805750069996     0.000010329460000
    -0.000017896390000     0.000010329460000    14.063755329079999
8 9
    -2.025277163830000     0.000473954060000     0.000008407700000
     0.000473954060000    -2.024729822560000    -0.000004924510000
     0.000008407700000    -0.000004924510000    -0.019691794280000
8 10
    -2.051599510550000    -0.000934575910000    -0.000003963630000
    -0.000934575910000    -2.014144408150000     0.056081641090000
    -0.000003963630000     0.056081641090000    -0.067857585820000
8 11
    -2.022698762460000     0.015751225400000    -0.048570081800000
     0.015751225400000    -2.043045036130000    -0.028037397410000
    -0.048570081800000    -0.028037397410000    -0.067857585820000
8 12
    -2.023502658690000    -0.016172331060000     0.048583293900000
    -0.016172331060000    -2.042176881050000    -0.028049528520000
     0.048583293900000    -0.028049528520000    -0.067864672310000
8 13
     2.041878407700000    -0.000200703810000     0.020513586900000
    -0.000200703810000     2.041646715510000    -0.011843566660000
    -0.020513586900000     0.011843566660000    -0.013194323720000
8 14
     2.041500781860000     0.000595385270000    -0.020487162700000
     0.000595385270000     2.040490536650000    -0.011844167210000
     0.020487162700000     0.011844167210000    -0.013181952390000
8 15
     2.040227495750000    -0.000139687930000     0.000013812650000
    -0.000139687930000     2.041763822760000     0.023664432530000
    -0.000013812650000    -0.023664432530000    -0.013181952390000
8 16
     2.005854776280000     0.000196019520000    -0.000056331590000
     0.000196019520000     2.006081063520000     0.000032549810000
     0.000056331590000    -0.000032549810000     0.054576422570000
9 1
     2.005854776280000     0.000196019520000    -0.000056331590000
     0.000196019520000     2.006081063520000     0.000032549810000
     0.000056331590000    -0.000032549810000     0.054576422570000
9 2
     2.040227495750000    -0.000139687930000     0.000013812650000
    -0.000139687930000     2.041763822760000     0.023664432530000
    -0.000013812650000    -0.023664432530000    -0.013181952390000
9 3
     2.041500781860000     0.000595385270000    -0.020487162700000
     0.000595385270000     2.040490536650000    -0.011844167210000
     0.020487162700000     0.011844167210000    -0.013181952390000
9 4
     2.041878407700000    -0.000200703810000     0.020513586900000
    -0.000200703810000     2.041646715510000    -0.011843566660000
    -0.020513586900000     0.011843566660000    -0.013194323720000
9 5
    -2.023502658690000    -0.016172331060000     0.048583293900000
    -0.016172331060000    -2.042176881050000    -0.028049528520000
     0.048583293900000    -0.028049528520000    -0.067864672310000
9 6
    -2.022698762460000     0.015751225400000    -0.048570081800000
     0.015751225400000    -2.043045036130000    -0.028037397410000
    -0.048570081800000    -0.028037397410000    -0.067857585820000
9 7
    -2.051599510550000    -0.000934575910000    -0.000003963630000
    -0.000934575910000    -2.014144408150000     0.056081641090000
    -0.000003963630000     0.056081641090000    -0.067857585820000
9 8
    -2.025277163830000     0.000473954060000     0.000008407700000
     0.000473954060000    -2.024729822560000    -0.000004924510000
     0.000008407700000    -0.000004924510000    -0.019691794280000
9 9
    62.942624204669997     0.004487429710000    -0.000017896390000
     0.004487429710000    62.947805750069996     0.000010329460000
    -0.000017896390000     0.000010329460000    14.063755329079999
9 10
   -10.891234408259999    -0.000564997440000     0.000026424200000
    -0.000564997440000     3.003483151440000    -0.020828755540000
     0.000026424200000    -0.020828755540000     0.847050191570000
9 11
    -0.469706970400000     6.016306657029999     0.018051452010000
     6.016306657029999    -7.418044286420000     0.010391436760000
     0.018051452010000     0.010391436760000     0.847050191570000
9 12
    -0.469977097790000    -6.015704785820000    -0.018057577620000
    -6.015704785820000    -7.416314702419999     0.010425548000000
    -0.018057577620000     0.010425548000000     0.846853571500000
9 13
   -21.764279117899999     8.100615964099999    -0.009667053350000
     8.100615964099999   -12.410493426930000     0.005581271480000
     0.009667053350000    -0.005581271480000    -5.026335054150000
9 14
   -21.770261316559999    -8.105283318590001     0.009672097970000
    -8.105283318590001   -12.411830011010000     0.005589799290000
    -0.009672097970000    -0.005589799290000    -5.025321445860000
9 15
    -7.732056627449999    -0.000322014910000    -0.000004804400000
    -0.000322014910000   -26.450034700119996    -0.011171190880000
     0.000004804400000     0.011171190880000    -5.025321445860000
9 16
     0.148507847520000     0.000895900490000    -0.000004924510000
     0.000895900490000     0.149542354950000     0.000002762530000
     0.000004924510000    -0.000002762530000    -1.319477893690000
10 1
     2.040227495750000    -0.000139687930000     0.000013812650000
    -0.000139687930000     2.041763822760000     0.023664432530000
    -0.000013812650000    -0.023664432530000    -0.013181952390000
10 2
     2.005854776280000     0.000196019520000    -0.000056331590000
     0.000196019520000     2.006081063520000     0.000032549810000
     0.000056331590000    -0.000032549810000     0.054576422570000
10 3
     2.041878407700000    -0.000200703810000     0.020513586900000
    -0.000200703810000     2.041646715510000    -0.011843566660000
    -0.020513586900000     0.011843566660000    -0.013194323720000
10 4
     2.041500781860000     0.000595385270000    -0.020487162700000
     0.000595385270000     2.040490536650000    -0.011844167210000
     0.020487162700000     0.011844167210000    -0.013181952390000
10 5
    -2.022698762460000     0.015751225400000    -0.048570081800000
     0.015751225400000    -2.043045036130000    -0.028037397410000
    -0.048570081800000    -0.028037397410000    -0.067857585820000
10 6
    -2.023502658690000    -0.016172331060000     0.048583293900000
    -0.016172331060000    -2.042176881050000    -0.028049528520000
     0.048583293900000    -0.028049528520000    -0.067864672310000
10 7
    -2.025277163830000     0.000473954060000     0.000008407700000
     0.000473954060000    -2.024729822560000    -0.000004924510000
     0.000008407700000    -0.000004924510000    -0.019691794280000
10 8
    -2.051599510550000    -0.000934575910000    -0.000003963630000
    -0.000934575910000    -2.014144408150000     0.056081641090000
    -0.000003963630000     0.056081641090000    -0.067857585820000
10 9
   -10.891234408259999    -0.000564997440000     0.000026424200000
    -0.000564997440000     3.003483151440000    -0.020828755540000
     0.000026424200000    -0.020828755540000     0.847050191570000
10 10
    62.942624204669997     0.004487429710000    -0.000017896390000
     0.004487429710000    62.947805750069996     0.000010329460000
    -0.000017896390000     0.000010329460000    14.063755329079999
10 11
    -0.469977097790000    -6.015704785820000    -0.018057577620000
    -6.015704785820000    -7.416314702419999     0.010425548000000
    -0.018057577620000     0.010425548000000     0.846853571500000
10 12
    -0.469706970400000     6.016306657029999     0.018051452010000
     6.016306657029999    -7.418044286420000     0.010391436760000
     0.018051452010000     0.010391436760000     0.847050191570000
10 13
   -21.770261316559999    -8.105283318590001     0.009672097970000
    -8.105283318590001   -12.411830011010000     0.005589799290000
    -0.009672097970000    -0.005589799290000    -5.025321445860000
10 14
   -21.764279117899999     8.100615964099999    -0.009667053350000
     8.100615964099999   -12.410493426930000     0.005581271480000
     0.009667053350000    -0.005581271480000    -5.026335054150000
10 15
     0.148507847520000     0.000895900490000    -0.000004924510000
     0.000895900490000     0.149542354950000     0.000002762530000
     0.000004924510000    -0.000002762530000    -1.319477893690000
10 16
    -7.732056627449999    -0.000322014910000    -0.000004804400000
    -0.000322014910000   -26.450034700119996    -0.011171190880000
     0.000004804400000     0.011171190880000    -5.025321445860000
11 1
     2.041500781860000     0.000595385270000    -0.020487162700000
     0.000595385270000     2.040490536650000    -0.011844167210000
     0.020487162700000     0.011844167210000    -0.013181952390000
11 2
     2.041878407700000    -0.000200703810000     0.020513586900000
    -0.000200703810000     2.041646715510000    -0.011843566660000
    -0.020513586900000     0.011843566660000    -0.013194323720000
11 3
     2.005854776280000     0.000196019520000    -0.000056331590000
     0.000196019520000     2.006081063520000     0.000032549810000
     0.000056331590000    -0.000032549810000     0.054576422570000
11 4
     2.040227495750000    -0.000139687930000     0.000013812650000
    -0.000139687930000     2.041763822760000     0.023664432530000
    -0.000013812650000    -0.023664432530000    -0.013181952390000
11 5
    -2.051599510550000    -0.000934575910000    -0.000003963630000
    -0.000934575910000    -2.014144408150000     0.056081641090000
    -0.000003963630000     0.056081641090000    -0.067857585820000
11 6
    -2.025277163830000     0.000473954060000     0.000008407700000
     0.000473954060000    -2.024729822560000    -0.000004924510000
     0.000008407700000    -0.000004924510000    -0.019691794280000
11 7
    -2.023502658690000    -0.016172331060000     0.048583293900000
    -0.016172331060000    -2.042176881050000    -0.028049528520000
     0.048583293900000    -0.028049528520000    -0.067864672310000
11 8
    -2.022698762460000     0.015751225400000    -0.048570081800000
     0.015751225400000    -2.043045036130000    -0.028037397410000
    -0.048570081800000    -0.028037397410000    -0.067857585820000
11 9
    -0.469706970400000     6.016306657029999     0.018051452010000
     6.016306657029999    -7.418044286420000     0.010391436760000
     0.018051452010000     0.010391436760000     0.847050191570000
11 10
    -0.469977097790000    -6.015704785820000    -0.018057577620000
    -6.015704785820000    -7.416314702419999     0.010425548000000
    -0.018057577620000     0.010425548000000     0.846853571500000
11 11
    62.942624204669997     0.004487429710000    -0.000017896390000
     0.004487429710000    62.947805750069996     0.000010329460000
    -0.000017896390000     0.000010329460000    14.063755329079999
11 12
   -10.891234408259999    -0.000564997440000     0.000026424200000
    -0.000564997440000     3.003483151440000    -0.020828755540000
     0.000026424200000    -0.020828755540000     0.847050191570000
11 13
    -7.732056627449999    -0.000322014910000    -0.000004804400000
    -0.000322014910000   -26.450034700119996    -0.011171190880000
     0.000004804400000     0.011171190880000    -5.025321445860000
11 14
     0.148507847520000     0.000895900490000    -0.000004924510000
     0.000895900490000     0.149542354950000     0.000002762530000
     0.000004924510000    -0.000002762530000    -1.319477893690000
11 15
   -21.764279117899999     8.100615964099999    -0.009667053350000
     8.100615964099999   -12.410493426930000     0.005581271480000
     0.009667053350000    -0.005581271480000    -5.026335054150000
11 16
   -21.770261316559999    -8.105283318590001     0.009672097970000
    -8.105283318590001   -12.411830011010000     0.005589799290000
    -0.009672097970000    -0.005589799290000    -5.025321445860000
12 1
     2.041878407700000    -0.000200703810000     0.020513586900000
    -0.000200703810000     2.041646715510000    -0.011843566660000
    -0.020513586900000     0.011843566660000    -0.013194323720000
12 2
     2.041500781860000     0.000595385270000    -0.020487162700000
     0.000595385270000     2.040490536650000    -0.011844167210000
     0.020487162700000     0.011844167210000    -0.013181952390000
12 3
     2.040227495750000    -0.000139687930000     0.000013812650000
    -0.000139687930000     2.041763822760000     0.023664432530000
    -0.000013812650000    -0.023664432530000    -0.013181952390000
12 4
     2.005854776280000     0.000196019520000    -0.000056331590000
     0.000196019520000     2.006081063520000     0.000032549810000
     0.000056331590000    -0.000032549810000     0.054576422570000
12 5
    -2.025277163830000     0.000473954060000     0.000008407700000
     0.000473954060000    -2.024729822560000    -0.000004924510000
     0.000008407700000    -0.000004924510000    -0.019691794280000
12 6
    -2.051599510550000    -0.000934575910000    -0.000003963630000
    -0.000934575910000    -2.014144408150000     0.056081641090000
    -0.000003963630000     0.056081641090000    -0.067857585820000
12 7
    -2.022698762460000     0.015751225400000    -0.048570081800000
     0.015751225400000    -2.043045036130000    -0.028037397410000
    -0.048570081800000    -0.028037397410000    -0.067857585820000
12 8
    -2.023502658690000    -0.016172331060000     0.048583293900000
    -0.016172331060000    -2.042176881050000    -0.028049528520000
     0.048583293900000    -0.028049528520000    -0.067864672310000
12 9
    -0.469977097790000    -6.015704785820000    -0.018057577620000
    -6.015704785820000    -7.416314702419999     0.010425548000000
    -0.018057577620000     0.010425548000000     0.846853571500000
12 10
    -0.469706970400000     6.016306657029999     0.018051452010000
     6.016306657029999    -7.418044286420000     0.010391436760000
     0.018051452010000     0.010391436760000     0.847050191570000
12 11
   -10.891234408259999    -0.000564997440000     0.000026424200000
    -0.000564997440000     3.003483151440000    -0.020828755540000
     0.000026424200000    -0.020828755540000     0.847050191570000
12 12
    62.942624204669997     0.004487429710000    -0.000017896390000
     0.004487429710000    62.947805750069996     0.000010329460000
    -0.000017896390000     0.000010329460000    14.063755329079999
12 13
     0.148507847520000     0.000895900490000    -0.000004924510000
     0.000895900490000     0.149542354950000     0.000002762530000
     0.000004924510000    -0.000002762530000    -1.319477893690000
12 14
    -7.732056627449999    -0.000322014910000    -0.000004804400000
    -0.000322014910000   -26.450034700119996    -0.011171190880000
     0.000004804400000     0.011171190880000    -5.025321445860000
12 15
   -21.770261316559999    -8.105283318590001     0.009672097970000
    -8.105283318590001   -12.411830011010000     0.005589799290000
    -0.009672097970000    -0.005589799290000    -5.025321445860000
12 16
   -21.764279117899999     8.100615964099999    -0.009667053350000
     8.100615964099999   -12.410493426930000     0.005581271480000
     0.009667053350000    -0.005581271480000    -5.026335054150000
13 1
    -2.023502658690000    -0.016172331060000    -0.048583293900000
    -0.016172331060000    -2.042176881050000     0.028049528520000
    -0.048583293900000     0.028049528520000    -0.067864672310000
13 2
    -2.022698762460000     0.015751225400000     0.048570081800000
     0.015751225400000    -2.043045036130000     0.028037397410000
     0.048570081800000     0.028037397410000    -0.067857585820000
13 3
    -2.051599510550000    -0.000934575910000     0.000003963630000
